Name: EA_LS
Problem instance: TSPA
Best cost: 74497
Worst cost: 76572
Average cost: 75786
Average time: 42.1396
Best solution: 167 153 88 127 186 24 6 156 172 66 98 94 12 73 31 111 14 80 8 169 95 72 112 51 135 134 119 26 92 48 106 160 11 152 130 189 75 1 177 41 199 192 4 77 43 50 149 0 69 19 178 164 40 128 36 132 37 159 143 59 147 116 27 96 185 64 20 71 183 61 181 113 163 74 195 55 22 53 117 15 171 108 62 93 32 180 81 154 144 141 87 79 194 21 76 161 91 121 114 175
Average iterations number: 1061.15
Name: EA
Problem instance: TSPA
Best cost: 75014
Worst cost: 76465
Average cost: 75810
Average time: 42.0756
Best solution: 181 25 85 132 36 113 74 163 62 32 180 81 154 102 144 87 141 24 6 156 66 98 190 72 94 89 111 14 31 73 112 51 135 95 169 80 8 26 48 11 152 130 119 109 189 75 1 177 41 137 199 174 101 167 153 88 127 186 79 21 171 108 15 117 53 22 195 55 76 161 91 121 114 175 192 4 77 43 50 149 0 69 19 178 164 40 128 159 143 59 96 147 27 116 185 64 20 71 183 61
Average iterations number: 103427
Name: EA_LS
Problem instance: TSPB
Best cost: 67870
Worst cost: 69842
Average cost: 68834
Average time: 44.326
Best solution: 12 107 59 119 71 166 85 129 64 147 159 89 58 72 114 162 44 196 117 150 67 156 91 70 51 174 140 148 141 130 142 53 113 69 115 82 63 8 14 16 172 95 182 2 5 34 183 197 143 179 31 101 42 38 103 131 121 24 127 122 92 66 169 0 57 99 50 112 154 134 25 36 165 37 137 88 55 4 153 80 157 145 135 198 190 19 168 29 33 73 61 136 170 181 189 185 132 18 65 52
Average iterations number: 1121.5
Name: EA
Problem instance: TSPB
Best cost: 67833
Worst cost: 69343
Average cost: 68614
Average time: 44.4924
Best solution: 181 170 189 12 107 139 84 63 8 16 65 52 132 185 18 29 168 33 73 61 136 79 145 157 80 153 4 55 88 36 25 154 165 37 137 57 99 50 24 127 121 131 103 38 101 31 179 143 122 92 197 183 34 5 66 169 135 198 190 19 95 172 163 182 2 115 82 69 113 53 142 130 141 148 140 174 51 70 91 156 3 67 114 158 162 150 117 196 44 71 193 119 59 166 85 89 129 64 159 147
Average iterations number: 109272
Name: EA_LS
Problem instance: TSPC
Best cost: 48688
Worst cost: 50394
Average cost: 49646
Average time: 46.9489
Best solution: 74 163 113 181 25 61 71 20 64 185 46 70 96 27 116 147 59 143 159 178 164 128 132 36 55 22 18 53 117 15 108 171 194 79 21 157 170 186 127 88 153 114 91 121 50 149 0 69 19 35 43 77 4 192 150 199 137 41 177 1 75 189 152 11 106 48 92 130 119 109 60 167 101 135 51 112 95 169 8 80 14 111 89 94 12 72 190 98 66 6 141 87 154 81 180 32 62 155 195 138
Average iterations number: 769.25
Name: EA
Problem instance: TSPC
Best cost: 48844
Worst cost: 50256
Average cost: 49674
Average time: 46.958
Best solution: 35 86 149 50 43 77 175 4 114 121 91 161 153 88 127 186 45 167 101 99 135 134 119 109 189 75 1 177 137 41 152 11 48 92 26 8 169 95 31 73 12 89 94 72 190 98 66 172 156 6 141 144 87 79 194 21 171 15 117 18 22 55 195 53 108 81 180 32 62 155 163 74 113 85 25 181 61 71 20 64 185 96 27 116 147 59 143 159 37 118 132 36 128 40 164 178 19 115 0 69
Average iterations number: 83431
Name: EA_LS
Problem instance: TSPD
Best cost: 45217
Worst cost: 47293
Average cost: 46223
Average time: 49.2863
Best solution: 67 158 162 150 117 192 21 196 44 71 166 85 114 72 58 89 129 64 159 147 181 170 189 109 97 107 12 52 65 18 132 185 73 10 136 61 29 33 79 145 157 80 153 55 88 36 25 134 154 165 37 137 99 43 50 24 127 121 101 31 34 183 197 179 143 122 92 26 128 66 169 0 57 135 198 190 19 95 172 16 14 8 40 63 82 115 69 113 53 142 130 141 148 140 174 51 70 91 156 3
Average iterations number: 776.5
Name: EA
Problem instance: TSPD
Best cost: 45347
Worst cost: 47206
Average cost: 46351
Average time: 49.3053
Best solution: 154 112 50 24 127 121 103 38 42 101 31 179 143 197 183 34 5 133 2 182 172 16 65 52 14 84 8 63 82 40 115 69 113 32 53 142 130 141 148 140 174 51 91 156 3 45 67 114 72 58 89 159 147 64 129 85 166 162 150 117 196 44 71 59 119 193 139 97 107 12 189 170 136 73 185 132 18 29 33 19 190 198 135 66 169 0 99 57 80 157 145 153 55 88 137 37 165 36 25 134
Average iterations number: 87862.4